matrix_size avg_time
32 1.334736
34 1.373101
38 1.467188
41 1.492161
45 1.492564
49 1.482269
53 1.444945
58 1.414415
64 1.346172
69 1.438138
76 1.519818
82 1.533065
90 1.534383
98 1.538399
107 1.495668
117 1.446621
128 1.373133
139 1.468802
152 1.526698
165 1.550284
181 1.546614
197 1.537456
215 1.523573
234 1.479030
256 1.415417
279 1.528943
304 1.590635
331 1.614560
362 1.613366
394 1.598744
430 1.558434
469 1.504548
512 1.448167
558 1.567371
608 1.603193
663 1.629220
724 1.625507
789 1.626040
861 1.630817
939 1.608319
1024 1.725839
1116 1.879661
1217 1.982762
1327 2.148781
1448 2.104755
1579 2.136350
1722 2.095409
1878 2.047869
2048 1.880655
2233 2.124550
2435 2.116048
2655 2.107131
2896 2.127123
3158 2.190238
3444 2.130495
3756 2.077457
4096 1.939189
4466 2.139557
4870 2.147433
5311 2.115533
5792 2.053562
6316 2.182044
6888 2.130934
7512 2.072590
8192 2.570548
8933 2.094372
9741 2.155357
10623 2.121644
11585 2.073846
12633 2.170412
13777 2.114096
15024 2.072583
16384 3.079071
