matrix_size avg_time
32 0.333165
34 0.357041
38 0.359672
41 0.358595
45 0.356233
49 0.352947
53 0.350551
58 0.346900
64 0.343009
69 0.341118
76 0.338469
82 0.335537
90 0.334324
98 0.329388
107 0.327603
117 0.324041
128 0.463696
139 0.320697
152 0.319730
165 0.318504
181 0.318132
197 0.315340
215 0.314287
234 0.316321
256 0.886356
279 0.322877
304 0.326009
331 0.341155
362 0.339296
394 0.365175
430 0.344844
469 0.353130
512 1.973744
558 0.361400
608 0.519381
663 0.417195
724 0.433648
789 0.463565
861 0.476451
939 0.486198
1024 2.940143
1116 0.553393
1217 0.607791
1327 0.765030
1448 0.777672
1579 0.790976
1722 0.828616
1878 0.841293
2048 3.645978
2233 0.850387
2435 0.842493
2655 0.843812
2896 0.664427
3158 0.883336
3444 0.755448
3756 0.784883
4096 4.338638
4466 0.950644
4870 0.953893
5311 0.967682
5792 0.880708
6316 0.847538
6888 0.851207
7512 0.879005
8192 4.498308
8933 1.041483
9741 1.009867
10623 1.055456
11585 1.014712
12633 1.050861
13777 1.057276
15024 0.929838
16384 4.570322
