n,avg,std_dev
1,1.006,0.012
2,1.019,0.043
3,1.035,0.088
4,1.055,0.142
5,1.078,0.224
6,1.103,0.311
7,1.135,0.428
8,1.171,0.565
9,1.205,0.697
10,1.243,0.849
11,1.284,1.004
12,1.326,1.177
13,1.364,1.321
14,1.408,1.492
15,1.451,1.659
16,1.492,1.815
17,1.535,1.979
18,1.580,2.149
19,1.624,2.305
20,1.666,2.464
21,1.712,2.632
22,1.754,2.783
23,1.803,2.958
24,1.848,3.112
25,1.894,3.267
26,1.945,3.440
27,1.997,3.602
28,2.047,3.766
29,2.101,3.929
30,2.161,4.111
31,2.218,4.270
32,2.279,4.424
33,2.348,4.609
34,2.419,4.797
35,2.500,4.995
36,2.597,5.245
37,2.687,5.466
38,2.796,5.741
39,2.904,6.044
40,3.033,6.411
41,3.146,6.752
42,3.272,7.140
43,3.413,7.603
44,3.529,8.001
45,3.657,8.417
46,3.777,8.821
47,3.891,9.214
48,4.025,9.680
49,4.132,10.032
50,4.260,10.475
51,4.353,10.768
52,4.474,11.196
53,4.575,11.544
54,4.699,11.931
55,4.794,12.224
56,4.912,12.628
57,5.007,12.910
58,5.111,13.203
59,5.222,13.544
60,5.340,13.915
61,5.445,14.231
62,5.566,14.589
63,5.666,14.869
64,5.784,15.203
65,5.902,15.535
66,6.025,15.825
67,6.154,16.185
68,6.275,16.463
69,6.411,16.829
70,6.540,17.129
71,6.678,17.449
72,6.818,17.761
73,6.963,18.031
74,7.100,18.365
75,7.278,18.704
76,7.434,19.014
77,7.623,19.272
78,7.806,19.610
79,8.002,19.904
80,8.211,20.241
81,8.434,20.529
82,8.693,20.852
83,8.941,21.165
84,9.204,21.465
85,9.533,21.795
86,9.861,22.111
87,10.236,22.446
88,10.680,22.822
89,11.147,23.078
90,11.692,23.499
