n,avg,std_dev
1,1.005,0.001
2,1.015,0.001
3,1.026,0.002
4,1.037,0.002
5,1.048,0.002
6,1.060,0.002
7,1.071,0.003
8,1.085,0.003
9,1.097,0.004
10,1.110,0.004
11,1.124,0.003
12,1.138,0.003
13,1.154,0.005
14,1.169,0.006
15,1.184,0.005
16,1.200,0.006
17,1.219,0.004
18,1.232,0.006
19,1.253,0.007
20,1.273,0.006
21,1.290,0.007
22,1.311,0.007
23,1.335,0.008
24,1.352,0.007
25,1.380,0.009
26,1.401,0.009
27,1.425,0.010
28,1.451,0.009
29,1.480,0.008
30,1.507,0.011
31,1.538,0.009
32,1.564,0.012
33,1.599,0.013
34,1.629,0.012
35,1.666,0.013
36,1.701,0.014
37,1.743,0.012
38,1.779,0.015
39,1.824,0.016
40,1.872,0.016
41,1.912,0.018
42,1.961,0.017
43,2.013,0.018
44,2.066,0.019
45,2.126,0.021
46,2.185,0.023
47,2.247,0.020
48,2.318,0.022
49,2.389,0.025
50,2.466,0.024
51,2.548,0.029
52,2.632,0.033
53,2.720,0.034
54,2.813,0.039
55,2.924,0.040
56,3.035,0.044
57,3.136,0.042
58,3.282,0.047
59,3.408,0.047
60,3.552,0.051
61,3.714,0.053
62,3.878,0.065
63,4.078,0.067
64,4.260,0.051
65,4.468,0.071
66,4.702,0.076
67,4.940,0.099
68,5.260,0.080
69,5.537,0.090
70,5.882,0.111
71,6.260,0.110
72,6.672,0.150
73,7.111,0.120
74,7.617,0.152
75,8.172,0.157
76,8.860,0.184
77,9.606,0.198
78,10.377,0.212
79,11.306,0.222
80,12.379,0.279
81,13.634,0.375
82,15.099,0.420
83,16.827,0.439
84,18.849,0.539
85,21.164,0.575
86,24.253,0.785
87,27.838,0.830
88,32.275,1.190
89,38.048,1.610
90,45.469,2.004
