set_size,average_num_rot
100,0,0
100,1,0
100,2,1
100,3,2
100,4,4
100,5,6
100,6,9
100,7,12
100,8,15
100,9,18
100,10,21
100,11,25
100,12,28
100,13,32
100,14,36
100,15,40
100,16,44
100,17,48
100,18,52
100,19,56
100,20,61
100,21,65
100,22,69
100,23,74
100,24,79
100,25,83
100,26,88
100,27,93
100,28,97
100,29,102
100,30,107
100,31,112
100,32,117
100,33,122
100,34,127
100,35,132
100,36,138
100,37,143
100,38,148
100,39,153
100,40,159
100,41,164
100,42,169
100,43,175
100,44,180
100,45,186
100,46,191
100,47,197
100,48,202
100,49,208
100,50,214
100,51,219
100,52,225
100,53,231
100,54,237
100,55,242
100,56,248
100,57,254
100,58,260
100,59,266
100,60,272
100,61,278
100,62,284
100,63,289
100,64,295
100,65,302
100,66,308
100,67,314
100,68,320
100,69,326
100,70,332
100,71,338
100,72,344
100,73,350
100,74,357
100,75,363
100,76,369
100,77,375
100,78,382
100,79,388
100,80,394
100,81,401
100,82,407
100,83,413
100,84,420
100,85,426
100,86,433
100,87,439
100,88,446
100,89,452
100,90,458
100,91,465
100,92,472
100,93,478
100,94,485
100,95,491
100,96,498
100,97,504
100,98,511
100,99,518
100,100,524
100,100,270
100,100,179
100,100,150
100,100,138
100,100,138
100,100,138
100,100,145
100,100,141
100,100,149
100,100,146
100,100,150
100,100,147
100,100,151
100,100,154
100,100,161
100,100,159
100,100,168
100,100,165
100,100,170
100,100,167
100,100,174
100,100,176
100,100,184
100,100,182
100,100,192
100,100,190
100,100,195
100,100,193
100,100,201
100,100,203
100,100,212
100,100,210
100,100,220
100,100,219
100,100,224
100,100,223
100,100,229
100,100,231
100,100,240
100,100,239
100,100,249
100,100,248
100,100,254
100,100,253
100,100,260
100,100,263
100,100,272
100,100,272
100,100,282
100,100,282
100,100,287
100,100,287
100,100,294
100,100,297
100,100,306
100,100,307
100,100,316
100,100,317
100,100,322
100,100,323
100,100,330
100,100,334
100,100,343
100,100,343
100,100,353
100,100,354
100,100,360
100,100,361
100,100,367
100,100,371
100,100,379
100,100,381
100,100,390
100,100,391
100,100,397
100,100,399
100,100,406
100,100,409
100,100,418
100,100,420
100,100,428
100,100,430
100,100,437
100,100,439
100,100,446
100,100,450
100,100,457
100,100,460
100,100,468
100,100,471
100,100,477
100,100,481
100,100,487
100,100,491
100,100,497
100,100,501
100,100,507
100,100,512
100,100,518
100,100,524
100,100,270
100,100,179
100,100,150
100,100,138
100,100,138
100,100,138
100,100,145
100,100,141
100,100,149
100,100,146
100,100,150
100,100,147
100,100,151
100,100,154
100,100,161
100,100,159
100,100,168
100,100,165
100,100,170
100,100,167
100,100,174
100,100,176
100,100,184
100,100,182
100,100,192
100,100,190
100,100,195
100,100,193
100,100,201
100,100,203
100,100,212
100,100,210
100,100,220
100,100,219
100,100,224
100,100,223
100,100,229
100,100,231
100,100,240
100,100,239
100,100,249
100,100,248
100,100,254
100,100,253
100,100,260
100,100,263
100,100,272
100,100,272
100,100,282
100,100,282
100,100,287
100,100,287
100,100,294
100,100,297
100,100,306
100,100,307
100,100,316
100,100,317
100,100,322
100,100,323
100,100,330
100,100,334
100,100,343
100,100,343
100,100,353
100,100,354
100,100,360
100,100,361
100,100,367
100,100,371
100,100,379
100,100,381
100,100,390
100,100,391
100,100,397
100,100,399
100,100,406
100,100,409
100,100,418
100,100,420
100,100,428
100,100,430
100,100,437
100,100,439
100,100,446
100,100,450
100,100,457
100,100,460
100,100,468
100,100,471
100,100,477
100,100,481
100,100,487
100,100,491
100,100,497
100,100,501
100,100,507
100,100,512
100,100,518
100,100,524
100,100,270
100,100,179
100,100,150
100,100,138
100,100,138
100,100,138
100,100,145
100,100,141
100,100,149
100,100,146
100,100,150
100,100,147
100,100,151
100,100,154
100,100,161
100,100,159
100,100,168
100,100,165
100,100,170
100,100,167
100,100,174
100,100,176
100,100,184
100,100,182
100,100,192
100,100,190
100,100,195
100,100,193
100,100,201
100,100,203
100,100,212
100,100,210
100,100,220
100,100,219
100,100,224
100,100,223
100,100,229
100,100,231
100,100,240
100,100,239
100,100,249
100,100,248
100,100,254
100,100,253
100,100,260
100,100,263
100,100,272
100,100,272
100,100,282
100,100,282
100,100,287
100,100,287
100,100,294
100,100,297
100,100,306
100,100,307
100,100,316
100,100,317
100,100,322
100,100,323
100,100,330
100,100,334
100,100,343
100,100,343
100,100,353
100,100,354
100,100,360
100,100,361
100,100,367
100,100,371
100,100,379
100,100,381
100,100,390
100,100,391
100,100,397
100,100,399
100,100,406
100,100,409
100,100,418
100,100,420
100,100,428
100,100,430
100,100,437
100,100,439
100,100,446
100,100,450
100,100,457
100,100,460
100,100,468
100,100,471
100,100,477
100,100,481
100,100,487
100,100,491
100,100,497
100,100,501
100,100,507
100,100,512
100,100,518
100,100,524
100,100,270
100,100,179
100,100,150
100,100,138
100,100,138
100,100,138
100,100,145
100,100,141
100,100,149
100,100,146
100,100,150
100,100,147
100,100,151
100,100,154
100,100,161
100,100,159
100,100,168
100,100,165
100,100,170
100,100,167
100,100,174
100,100,176
100,100,184
100,100,182
100,100,192
100,100,190
100,100,195
100,100,193
100,100,201
100,100,203
100,100,212
100,100,210
100,100,220
100,100,219
100,100,224
100,100,223
100,100,229
100,100,231
100,100,240
100,100,239
100,100,249
100,100,248
100,100,254
100,100,253
100,100,260
100,100,263
100,100,272
100,100,272
100,100,282
100,100,282
100,100,287
100,100,287
100,100,294
100,100,297
100,100,306
100,100,307
100,100,316
100,100,317
100,100,322
100,100,323
100,100,330
100,100,334
100,100,343
100,100,343
100,100,353
100,100,354
100,100,360
100,100,361
100,100,367
100,100,371
100,100,379
100,100,381
100,100,390
100,100,391
100,100,397
100,100,399
100,100,406
100,100,409
100,100,418
100,100,420
100,100,428
100,100,430
100,100,437
100,100,439
100,100,446
100,100,450
100,100,457
100,100,460
100,100,468
100,100,471
100,100,477
100,100,481
100,100,487
100,100,491
100,100,497
100,100,501
100,100,507
100,100,512
100,100,518
100,100,524
100,100,270
100,100,179
100,100,150
100,100,138
100,100,138
100,100,138
100,100,145
100,100,141
100,100,149
100,100,146
100,100,150
100,100,147
100,100,151
100,100,154
100,100,161
100,100,159
100,100,168
100,100,165
100,100,170
100,100,167
100,100,174
100,100,176
100,100,184
100,100,182
100,100,192
100,100,190
100,100,195
100,100,193
100,100,201
100,100,203
100,100,212
100,100,210
100,100,220
100,100,219
100,100,224
100,100,223
100,100,229
100,100,231
100,100,240
100,100,239
100,100,249
100,100,248
100,100,254
100,100,253
100,100,260
100,100,263
100,100,272
100,100,272
100,100,282
100,100,282
100,100,287
100,100,287
100,100,294
100,100,297
100,100,306
100,100,307
100,100,316
100,100,317
100,100,322
100,100,323
100,100,330
100,100,334
100,100,343
100,100,343
100,100,353
100,100,354
100,100,360
100,100,361
100,100,367
100,100,371
100,100,379
100,100,381
100,100,390
100,100,391
100,100,397
100,100,399
100,100,406
100,100,409
100,100,418
100,100,420
100,100,428
100,100,430
100,100,437
100,100,439
100,100,446
100,100,450
100,100,457
100,100,460
100,100,468
100,100,471
100,100,477
100,100,481
100,100,487
100,100,491
100,100,497
100,100,501
100,100,507
100,100,512
100,100,518
100,100,524
