n,avg,std_dev
1,1.005,0.001
2,1.015,0.001
3,1.026,0.001
4,1.037,0.002
5,1.048,0.003
6,1.060,0.003
7,1.072,0.003
8,1.084,0.003
9,1.097,0.003
10,1.109,0.003
11,1.124,0.003
12,1.138,0.004
13,1.154,0.004
14,1.168,0.005
15,1.185,0.005
16,1.201,0.005
17,1.219,0.005
18,1.232,0.005
19,1.252,0.005
20,1.269,0.007
21,1.291,0.007
22,1.311,0.008
23,1.330,0.006
24,1.354,0.009
25,1.375,0.008
26,1.399,0.007
27,1.427,0.009
28,1.448,0.008
29,1.477,0.010
30,1.505,0.010
31,1.532,0.011
32,1.564,0.011
33,1.596,0.012
34,1.632,0.012
35,1.664,0.012
36,1.701,0.012
37,1.737,0.012
38,1.778,0.012
39,1.818,0.015
40,1.867,0.017
41,1.914,0.016
42,1.958,0.017
43,2.012,0.022
44,2.065,0.017
45,2.129,0.016
46,2.179,0.021
47,2.240,0.023
48,2.310,0.023
49,2.384,0.024
50,2.462,0.026
51,2.537,0.033
52,2.628,0.032
53,2.717,0.031
54,2.815,0.034
55,2.914,0.037
56,3.017,0.040
57,3.137,0.036
58,3.263,0.047
59,3.392,0.043
60,3.537,0.045
61,3.695,0.042
62,3.858,0.057
63,4.049,0.050
64,4.240,0.060
65,4.454,0.071
66,4.707,0.065
67,4.939,0.077
68,5.207,0.086
69,5.531,0.072
70,5.853,0.082
71,6.236,0.095
72,6.651,0.126
73,7.119,0.133
74,7.604,0.123
75,8.152,0.121
76,8.802,0.160
77,9.508,0.175
78,10.367,0.217
79,11.347,0.279
80,12.390,0.295
81,13.580,0.321
82,15.177,0.383
83,16.816,0.448
84,18.918,0.535
85,21.357,0.673
86,24.133,0.743
87,27.847,1.017
88,32.433,1.112
89,38.284,1.457
90,45.699,1.952
